
clu
[[ 198   27    9    2    0    1    0    3]
 [  27  509   15   11    3    0   34   25]
 [   0    5   68    0    2    0    8    0]
 [   0    3    0   16    0    0    0    0]
 [   0    0    1    0    8    0    2    0]
 [   0    3    4    0    0    3    1    0]
 [   0   23    1    0    5    2  141    0]
 [   4   14    0    5    0    0    0  375]]
stop

clu
[[ 564   54    6    9   21   13    3    5   12    1    4    4    7    5   24   10   16   24   23   15   20   15    0]
 [ 330 2326   83   22   36  115   65  147   15   25   59   14   19    0  101    0    4   97    6   66    6  100    0]
 [   2   10   44    1    1    0    0    0    0    0    0    0    0    0    0    0    0    0    0    0    0    1    0]
 [   4    2    0  275    0    0    0    0    2    0    0    0    4    0    2    0    0    0    0    0    8    0    0]
 [   2    3    0    0   44    1    1    0    0    0    4    0    0    0    0    0    0    0    0    0    0    1    0]
 [   6    7    0    0    0  161    0    7    0    1    0    0    0    1    0    0    0    0    3    1    0    1    0]
 [   0   13    0    0    1    0   45    0    0    0    0    0    0    0    0    0    0    0    0    0    0    0    0]
 [   0    1    0    0    0    5    0   79    0    0    0    0    0    1    0    0    0    0    0    0    0    2    0]
 [  10    3    0    5    0    0    0    0  349    0    0    0   20    0    4    0    0    0    0    2    0    1    0]
 [   0    5    0    0    1    3    0    0    0   37    2    0    0    0    0    0    0    0    0    0    0    0    0]
 [   1    9    0    0   10    0    2    0    0    2  197    1    0    0    0    0    0    0    1    0    0    2    0]
 [   2    4    0    0    0    0    0    4    0    0    0   15    0    0    0    0    0    0    0    0    0    5    0]
 [   3    0    0    2    0    0    0    0   14    0    0    0   40    0    0    0    0    0    0    2    6    0    0]
 [   2    1    0    0    0    0    0    2    0    0    0    0    0   29    0    3    0    0    2    0    0    9    0]
 [ 171   29    0    5    0    0    0    0    4    0    0    0    0    0 1266    0   13    0    0   22    2    4    0]
 [   1    0    0    0    0    0    0    0    0    0    0    0    0    0    0   29    0    0    0    0    0    0    0]
 [   7    0    0    0    0    0    0    0    0    0    0    0    0    0    1    0  255    0    0    1    0    1    0]
 [ 318  177    2    9    0    0    0    0    2    0    0    0    3    0    0    0    1 4144    0    0    1    0    0]
 [   3    0    0    0    1    2    0    2    0    0    0    1    0    5    0    5    0    0  250    1    0    3    0]
 [   4    5    0    0    1    1    0    1    1    0    0    0    1    0    5    0    1    0    2  159    4    3    0]
 [   5    1    0    6    0    0    0    0    0    0    0    0    5    0    1    0    0    0    0    8  227    0    0]
 [   1    5    0    0    2    1    0    1    0    0    0    1    0    0    0    0    1    0    0    0    0   22    0]
 [   0    0    0    0    0    0    0    3    0    0    0    4    0    5    0    0    0    0    2    0    0    1    0]]
stop


clu
[[ 617   95    2    2    2    0   23   11   19   13    1   18    1   35    3   31   18]
 [ 133  711    5    8   21    2   58   50   20    6    5   14    4  144    5   32   87]
 [   3    0    5    0    0    0    1    0    3    0    0    0    0    0    0    0    0]
 [   1    0    0   27    0    0    0    8    0    0    0    0    0    0    0    0    1]
 [   0    4    0    2  150    0    0    0    0    0    0    0    0    0    0    0    2]
 [   0    0    0    0    0   50    0    0    0    0    0    0    2    0    0    0    0]
 [   8   10    0    0    0    0  161    1    0    0    1    0    0    1    3    0   13]
 [   1    5    0    0    0    0    0   75    0    0    0    0    0    0    0    1    3]
 [   9    4    3    0    0    0    1    0   47    1    0    0    0    2    0    4    0]
 [   2    0    0    0    0    0    0    0    0   53    0    1    0    0    0   17    1]
 [   3    0    0    0    0    0    1    1    1    0  234    0    0    0    2    0    0]
 [  88   38    0    0    0    1    1    0    5    1    0 1348    0   15    0   72    0]
 [   0    0    0    1    1    3    0    0    0    0    0    0   85    0    0    4    1]
 [ 198  497    0    0    3    0   32    2    4    0    1   14    0 2656    0    5    6]
 [   0    0    0    0    0    0    1    1    0    0    0    0    0    0   54    0    0]
 [  15    9    0    0    0    0    0    0    1   35    0    4    1    1    0  352    3]
 [  12    9    0    1    0    0    1    5    0    2    0    0    0    0    0    1  110]]
stop

clu
[[ 946   79    5    1    4   12    0   58   24   18    0   25   13    3    0   18   12    2   10   26   10    4    1   13   22   14]
 [ 194 1579   59    0   26  140   28    5    3  221    0   48   80    0    0    8   40    1    0   33    0    3   15    1    1    0]
 [   1    0  286    0    0    0    0    0    0    0    0    0    7    0    0    0    4    0    0    0    0    1    3    0    0    0]
 [   0    0    0   10    0    0    0    0    0    0    0    0    0    0    0    0    0    0    0    0    0    0    0    0    6    0]
 [   0    1    6    0  147    0    2    0    0    0    0    0    4    0    0    0    1    0    0    0    0    0    2    0    0    0]
 [  36  291    0    0    0 1796    1    0    0  137    0    2   56    0    0    0    0    0    0    0    0    0    0    0    0    0]
 [   0   14    9    0    1    0   16    0    0    0    0    0    7    0    0    0    0    0    0    0    0    0    2    0    0    0]
 [   4    1    0    0    0    0    0  122    0    0    0    0    0    0    0    0    0    0    0    5    2    0    0    0    3    0]
 [  22    0    0    0    0    0    0    2  451    0    0    0    0    0    0    0    0    0    0    4    0    0    0    0    0    0]
 [  41  347    0    0    0   87    0    0    0 2068    0    0   39    0    0    0    4    0    0    0    0    0    0    0    0    0]
 [   0    0    0    0    0    0    0    0    0    0    0    0    0    0    0    1    0    0    0    0    0    0    0    0    0    0]
 [   2    7    0    0    0    0    0    0    0    0    0   59    0    0    0    1    0    0    0    5    0    0    0    0    0    0]
 [  15   37   47    0   21   10   11    0    0   23    0   15  867    0    0    1   23    0    0    0    0    0    6    0    0    0]
 [   1    1    0    0    0    0    0    0    0    0    0    0    0    5    0    0    0    0    0    0    0    0    0    0    0    0]
 [   0    0    1    2    0    0    0    0    0    0    0    0    0    2    0    0    0    0    1    0    0    0    0    0    7    0]
 [   5    1    0    0    0    0    0    0    0    0    0    0    0    0    0   46    0    0    0    0    0    0    0    0    0    0]
 [   0    6   34    0    7    0    2    0    0    1    0    0    7    0    0    3  243    0    0    0    0    0    3    0    0    0]
 [   0    0    0    0    0    0    0    0    0    0    0    2    0    0    0    0    0  288    0    0    0    0    0    1    0    0]
 [   0    0    0    0    0    0    0    1    0    0    0    0    0    0    0    0    0    0  134    0    0    0    0    0    8    0]
 [   4    0    0    0    0    0    0    9    0    0    0    8    0    0    0    0    0    3    0  166    2    0    0    6    0    0]
 [   0    0    0    0    0    0    0    2    0    0    0    0    0    0    0    0    0    0    0    2   32    0    0    4    4    0]
 [   0    0   10    0    0    0    2    0    0    0    0    0    0    0    0    0    2    0    0    0    0   97    0    0    0    0]
 [   0    0    5    0    0    1    3    0    0    0    0    0    2    0    0    0    0    0    0    0    0    0  143    0    0    0]
 [   2    0    0    0    0    0    0    0    0    0    0    0    0    0    0    0    0    0    0   21    7    0    0  226    0    1]
 [   3    0    0    0    0    0    0    1    0    0    0    0    0    0    0    0    0    0    1    1    0    0    0    0  159    0]
 [   1    0    0    0    0    0    0    2    0    0    0    0    0    0    0    0    0    0    1    0    0    0    0    0    2   90]]
stop

clu
[[ 444   37    1    1    0    2]
 [  56  844    0    4   10   24]
 [   0    0    1    0    0    0]
 [   3    3    0    5    0    0]
 [   0    2    0    0   11    0]
 [   7   37    0    0    6 1811]]
stop

clu
[[ 488   22    1    9    0   10    9   19]
 [  58 1494    0   70    6   10   15   87]
 [   0    0   70    0    0    0    0    0]
 [   1   26    0  334    5    0    7    6]
 [   0    2    0    0    4    0    0    0]
 [   6    0    0    0    0  185    4    0]
 [   4    4    2    2    1    2   29    4]
 [   7    9    0    3    0    2    1   74]]
stop

clu
[[2237  209    0    4    0  145    9    0   44   53   55]
 [ 239 3128    7    4    0   32    4    5   10   10   92]
 [   0    1    5    0    0    0    0    0    0    0    0]
 [   4    1    0    1    0    0    0    0    0    0    0]
 [   0    2    0    0    0    0    0    0    0    0    1]
 [  32    0    0    0    0  770    0    0    0    0    0]
 [   1    0    0    0    0    0    1    0    0    0    1]
 [   0    1    1    0    0    0    0    5    0    0    3]
 [   6   10    0    0    0    0    0   12  853    0   29]
 [  83  115    8    0    0    4    0    4    2 5808   35]
 [   5   22    0    0    0    0    0    0    4    2  111]]
stop

clu
[[1455   67    7    5   14   22   14   16]
 [  42  460    1    2   19    3    6    8]
 [   0    0   30    2    0    1    0    0]
 [   0    0    1   65    0    0    1    0]
 [   0    9    0    0  304    0    0    0]
 [  11    2    2    0    0   56    1    0]
 [ 107   73   24   41    0   11 3923   12]
 [   3    0    0    0    0    0    0  194]]
stop


clu
[[ 524    4    6    2   12    4    0   12    4    4]
 [   1   54    0    0    0    0   11    0    0    0]
 [   2    0  228    1    0    0    0    0    0    0]
 [   2    0    1    3    0    4    0    0    0    0]
 [  20    0    0    1  585    0    0    0    0    0]
 [   3    0   10   32    0  580    0    0    0    1]
 [   2   16    1    0    0    0 1131    1    1    0]
 [  12    0    0    0    0    0    0  370    0    0]
 [   4    0    0    0    0    0    4    0  107    0]
 [  23    0    1    1    0   13    1    1    0 2945]]
stop

clu
[[ 826  149    0   23    0    0   58    1    5   24   43    0   19   45    1    5]
 [ 422 4851    0  236    0   15  157   27   94  184  326    1   56  186    0    1]
 [   2    5    0    1    4    0    2    6   10    0    9    4    0    0    0    5]
 [   1    5    0  332    0    4    4    0    0    0    4    0    1    1    0    1]
 [   0    0    0    0    3    0    0    0    0    0    0    0    0    0    0    0]
 [   0    0    0    3    0   19    0    0    0    0   11    0    0    0    0    0]
 [  10    4    0    5    0    0  480    0    0    0    0    0   15    0    0    0]
 [   1    0    0    0    0    0    0  322   16    0   26    0    0    0    0    0]
 [   1    1    0    0    0    0    0   21 1008    0   59    0    0    0    0    0]
 [ 295  925    0    0    0    0    0    0    1 4616    2    0    0   35    0    1]
 [  12   23    0    5    0    5    0   10   50    0  563    0    0    0    0    0]
 [   0    0    0    0    0    0    0    0    0    0    0   31    7    0    0    0]
 [   3    0    0    0    0    0   13    0    0    0    0    3  150    2    2    0]
 [ 126  295    0   57    0    0  140    0    0    4    0    0   42 5260    0    0]
 [   4    0    0    0    0    0    1    0    0    0    0    0    3    0  257    0]
 [   0    0    0    0    0    0    0    0    0    0    0    0    0    0    0   68]]
stop

clu
[[4583  484    7   20    7   48    0    1    1    8    2   24    3   44   25    0    7   34   15    7  178    1    0    1   14    7]
 [ 143 2415   23   29    2  157   46   14   30   36   10   13   18  182   13    8   11  105   15   31   75    0    1    9    4   27]
 [   0    5   69    0    1    0    0    0    0    0    0    0    0    0    0    0    0    0    0    0    7    0    0    0    0    0]
 [   0    3    0   94    0    0    0    0    0    0    0    3    0    0    0    0    0    0    0    0    0    0    0    0    1    0]
 [   2    0    0    0    9    0    0    0    0    0    0    0    0    0    1    0    0    0    0    0    3    0    0    0    0    0]
 [  95  482    0    1    0 6043    0    0    0    0    0    2    0    0    2    0    0    0    1    0    0    0    0    0    0    0]
 [   0    1    0    0    0    0  283    0    0    0    1    0    0    0    0    2    0    0    0    3    2    0    0    0    0    0]
 [   0    2    0    0    0    0    1   88    0    0    0    0    0    0    0    1    0    0    0    0    4    0    0    1    0    0]
 [   0    2    1    0    0    0    0    0   71    0    1    0    0    0    0    0    0    1    0    0    0    0    0    0    0    2]
 [   0    3    0    0    0    0    0    0    0  175    0    0    0    9    0    0    1    2    0    0    0    0    0    0    1    0]
 [   0    0    1    0    0    0    1    0    0    0   28    0    0    0    0    0    0    0    0    4    0    0    0    0    0    0]
 [   1    4    0    3    0    0    0    0    0    0    0   44    0    0    3    0    0    0    0    0    0    0    0    0    0    0]
 [   0    2    0    0    0    0    0    0    0    0    0    0   39    0    0    0    0    0    0    0    0    0    0    0    0    0]
 [   0   29    0    0    0    0    0    0    0   18    0    0    0  403    0    0    0    2    2    0    0    0    0    0    0    0]
 [   1    0    0    0    1    0    0    0    0    0    0    1    0    0  155    0    0    0    0    0    2    0    0    0    0    0]
 [   0    1    0    0    0    0    4    6    0    0    0    0    0    0    0   71    0    0    0    0    4    0    0    3    0    0]
 [   0    0    0    0    0    0    0    0    0    3    0    0    0    0    0    0  169    0    0    0    0    0    0    0    1    0]
 [   1   26    0    0    0    0    0    0    1    1    0    0    0   11    0    0    0  318    2    0    0    0    0    0    0   17]
 [   0    2    0    0    0    0    0    0    0    0    0    0    1    3    0    0    0    1   15    0    0    0    0    0    1    2]
 [   0    0    0    0    0    0    1    0    0    0    0    0    0    0    0    0    0    0    0  125    0    0    0    0    0    0]
 [  27   15    5    0    5    0    3    8    0    0    0    0    0    0    6    2    0    0    0    3  617    0    0    9    0    0]
 [   0    0    0    0    0    0    0    0    0    0    0    0    0    0    0    0    0    0    0    0    0   49    0    0    0    0]
 [   0    0    0    0    0    0    0    0    0    0    0    0    0    0    0    0    0    0    0    0    0    0    0    0    0    0]
 [   0    0    0    0    1    0    0    4    1    0    0    0    0    0    1    5    0    0    0    2    3    0    0  113    0    0]
 [   1    1    0    3    0    0    0    0    0    1    0    0    0    1    0    0    0    0    0    0    0    0    0    0  100    0]
 [   3    1    0    0    0    0    0    0    1    0    0    0    0    0    0    0    0    1    2    0    0    0    0    0    1  460]]
stop

clu
[[1667  360    9   12  128   18    3    1   13   10   19   38   26    2   90    5   65   81   80   12   18   81]
 [ 404 4644   32   13   23    5    4   18   39   14   12  105   15    4   95   14  137  150  180   23   38  274]
 [   1    0  284    0    0    0    0    4    2    0    0    0    1    0    0    0    0    0    0    2    0    1]
 [   0    3    0   77    0    0    0    0    0    0    0    9    0    0    0    2    0    0    0    0    0    0]
 [  12    0    0    0 1078    0    0    0    0    2    0    3    0    0    0    0    0    0    0    1    0    0]
 [   2    0    0    0    0   54    0    0    0    0    0    6    0    0    0    0    2    0    0    0    0    0]
 [   0    0    0    0    0    0    7    0    0    0    0    0    0    1    4    0    0    0    0    0    0    0]
 [   0    0    2    0    0    0    0   31    0    0    0    0    0    0    0    0    0    0    0    0    0    0]
 [   1    0    1    0    0    0    0    0   80    0    0    0    8    0    4    0    0    0    2    1    0    0]
 [   5    0    0    1   11    0    0    0    0  212    0   15    0    0    0    0    0    0    0    0    0    0]
 [   0    1    0    0    0    0    0    0    0    0   23    5    0    0    1    2    0    0    0    0    0    0]
 [   1    4    0    5    4    0    0    0    0    1    1  415    0    0    0    0    0    0    0    1    0    0]
 [   5    0    0    0    0    0    1    0    5    0    0    0  212    0    0    0    0    0    3    0    0    1]
 [   2    0    0    0    0    0    0    0    0    0    0    0    0    1    2    0    0    0    0    0    0    0]
 [  12    8    0    0    0    0    3    0    3    0    0    0    0    0  484    0    0    2    0    1    0    0]
 [   0    8    0    0    0    0    0    0    0    0    1    4    0    0    3   27    1    1    0    0    0    0]
 [ 139  222    0    1    0   10    0    0    0    0    1   14    0    0    0    1 5834   47    0    0    0    0]
 [ 134  156    0    1    0    0    1    0    0    0    1    3    0    0   17    7   31 4280    0    0    0    0]
 [ 167  257    2    7    5    0    1    1   11    3    0    4   23    0    0    0    0    0 5704    2    0   28]
 [   1    1    1    0    0    0    0    0    1    0    0    0    0    0    0    0    0    0    0   27    6    0]
 [   1    3    0    0    0    0    0    0    0    1    1    1    0    1    0    0    0    0    0   13  413    0]
 [ 170  322    0    0    9    0    1    0    1    1    0    7    6    0    0    0    0    0   45    5    0 6378]]
stop

stop