clu
[[ 180   31   23    0    0    0    0    6]
 [  16  545   11    0    0    2   25   25]
 [   1    9   67    0    0    0    4    2]
 [   1    7    0    0    0    0    0   11]
 [   0    0    1    0    0    0    5    5]
 [   0    3    5    0    0    1    2    0]
 [   1   32    4    0    0    1  133    1]
 [   3   27    0    0    0    0    0  368]]
stop

clu
[[   0  140    0   65    0  503    2   12    0    0    1    0    0    1    1    0    0   83    0    0   47    0    0]
 [   0 3183    0   71    0  193   24   14    0    0    9    0    0    0    0    0    0  132    0    0   10    0    0]
 [   0   51    0    1    0    7    0    0    0    0    0    0    0    0    0    0    0    0    0    0    0    0    0]
 [   0    5    0  283    0    1    0    0    0    0    0    0    0    0    0    0    0    3    0    0    5    0    0]
 [   0    7    0    2    0   35    1    0    0    0    8    0    0    0    0    0    0    0    0    0    3    0    0]
 [   0   22    0    0    0  165    0    1    0    0    0    0    0    0    0    0    0    0    0    0    0    0    0]
 [   0   16    0    0    0    0   43    0    0    0    0    0    0    0    0    0    0    0    0    0    0    0    0]
 [   0   25    0    0    0   13    0   50    0    0    0    0    0    0    0    0    0    0    0    0    0    0    0]
 [   0    6    0   92    0  288    0    0    0    0    0    0    0    0    0    0    0    2    0    0    6    0    0]
 [   0   10    0    0    0   31    0    0    0    0    3    0    0    0    0    0    0    0    0    0    4    0    0]
 [   0   59    0    2    0   47    8    0    0    0  109    0    0    0    0    0    0    0    0    0    0    0    0]
 [   0   10    0    4    0   10    0    5    0    0    0    0    0    0    0    0    0    0    0    0    1    0    0]
 [   0    4    0   18    0   36    0    0    0    0    0    0    0    0    0    0    0    0    0    0    9    0    0]
 [   0    0    0    5    0   35    0    6    0    0    1    0    0    0    0    0    0    0    0    0    1    0    0]
 [   0   89    0  303    0 1004    0    0    0    0    0    1    0    0    0    0    0    0    0    0  119    0    0]
 [   0    0    0   11    0   16    0    0    0    0    0    0    0    0    0    0    0    0    0    0    3    0    0]
 [   0    0    0   83    0  171    0    0    0    0    0    0    0    0    0    0    0    0    0    0   11    0    0]
 [   0   74    0   10    0   22    0    0    0    0    0    0    0    0    0    0    0 4551    0    0    0    0    0]
 [   0    2    0   33    0  218    0    2    0    0    0    0    0    0    0    0    0    0    0    0   18    0    0]
 [   0   58    0   20    0   70    0    0    0    0    0    0    0    0    0    0    0    0    0    0   40    0    0]
 [   0    3    0   14    0    7    0    0    0    0    0    0    0    0    0    0    0    0    0    0  229    0    0]
 [   0   11    0    0    0   23    0    0    0    0    0    0    0    0    0    0    0    0    0    0    0    0    0]
 [   0    0    0    1    0   12    0    2    0    0    0    0    0    0    0    0    0    0    0    0    0    0    0]]
stop

clu
[[ 537  131    1    0   10    0    0   46    9    0    3   46    2   79    1   18    8]
 [  57  916    3    0    7    0    0   36    0    0    5   13    9  202    2   21   34]
 [   2    1    5    0    0    0    0    0    3    0    1    0    0    0    0    0    0]
 [   3    7    0    0    0    0    0   23    0    0    0    0    0    0    0    0    4]
 [   0   14    0    0    0    0    0  114    0    0    0    0   23    0    0    0    7]
 [   0    0    0    0    0    0    0    0    0    0    0    0   52    0    0    0    0]
 [  19   50    2    0  100    0    0    4    0    0    4    0    1    7    0    0   11]
 [   2   23    0    0    0    0    0   51    0    0    0    0    0    0    0    1    8]
 [  16    9    1    0    1    0    0    3   36    0    0    2    0    1    0    2    0]
 [   0    0    0    0    0    0    0   38    0    0    0    4    0    0    0   31    1]
 [   3    2    0    0    0    0    0    0    1    0  234    0    2    0    0    0    0]
 [  26   19    0    0    0    0    0    0    2    0    0 1494    1   13    0   14    0]
 [   1    2    0    0    0    0    0    2    0    0    0    0   87    0    0    1    2]
 [  20  277    0    0    0    0    0   12    0    0    0   14    0 3093    0    2    0]
 [   2    3    0    0   13    0    0   25    0    0    1    0   12    0    0    0    0]
 [  17   12    0    0    0    0    0   11    1    0    0   19    4    0    0  353    4]
 [  11   33    0    0    0    0    0   24    0    0    0    0    5    0    0    1   67]]
stop

clu
[[1029  113    1    0    4   18    0    0   28   31    0    0    4    6    0   86    0    0    0    0    0    0    0    0    0    0]
 [  82 1965   23    0   10  134    0    0    2  164    0    0   43    0    0   50    0    3    0    0    0    0    9    0    0    0]
 [   1    8  246    0    1    0    0    0    0    0    0    0   17    0    0   27    0    0    0    0    0    0    2    0    0    0]
 [   0    0    0    0    0    0    0    0    0    0    0    0    0    0    0   16    0    0    0    0    0    0    0    0    0    0]
 [   1   15    2    0  134    0    0    0    0    0    0    0    5    0    0    4    0    0    0    0    0    0    2    0    0    0]
 [   8  157    0    0    0 2033    0    0    0  106    0    0   15    0    0    0    0    0    0    0    0    0    0    0    0    0]
 [   0   34    7    0    0    0    0    0    0    0    0    0    5    0    0    0    0    0    0    0    0    0    3    0    0    0]
 [  21    1    0    0    0    0    0    0    1    0    0    0    0    3    0  111    0    0    0    0    0    0    0    0    0    0]
 [  14    1    0    0    0    0    0    0  461    0    0    0    0    0    0    3    0    0    0    0    0    0    0    0    0    0]
 [   8  181    0    0    0   73    0    0    0 2307    0    0   17    0    0    0    0    0    0    0    0    0    0    0    0    0]
 [   1    0    0    0    0    0    0    0    0    0    0    0    0    0    0    0    0    0    0    0    0    0    0    0    0    0]
 [  11   19    0    0    0    0    0    0    0    0    0    0    3    0    0   39    0    2    0    0    0    0    0    0    0    0]
 [   7  105   11    0   10   16    0    0    0   34    0    0  873    0    0   16    0    0    0    0    0    0    4    0    0    0]
 [   0    2    0    0    0    0    0    0    0    0    0    0    0    0    0    5    0    0    0    0    0    0    0    0    0    0]
 [   0    0    0    0    0    0    0    0    0    0    0    0    0    0    0   13    0    0    0    0    0    0    0    0    0    0]
 [  10    2    0    0    0    0    0    0    0    0    0    0    0    0    0   40    0    0    0    0    0    0    0    0    0    0]
 [   2   21   41    0    2    0    0    0    0    2    0    0   21    0    0  213    0    0    0    0    0    0    4    0    0    0]
 [   0    3    0    0    0    0    0    0    0    0    0    0    0    0    0    3    0  285    0    0    0    0    0    0    0    0]
 [   2    0    0    0    0    0    0    0    0    0    0    0    0    0    0  141    0    0    0    0    0    0    0    0    0    0]
 [   6    5    0    0    0    0    0    0    1    0    0    0    0    0    0  179    0    6    1    0    0    0    0    0    0    0]
 [   0    0    0    0    0    0    0    0    0    0    0    0    0    0    0   44    0    0    0    0    0    0    0    0    0    0]
 [   0    0    7    0    0    0    0    0    0    0    0    0    0    0    0  104    0    0    0    0    0    0    0    0    0    0]
 [   0    4    4    0    1    0    0    0    0    0    0    0    0    0    0    1    0    0    0    0    0    0  144    0    0    0]
 [  10    1    0    0    0    0    0    0    0    0    0    0    0    0    0  246    0    0    0    0    0    0    0    0    0    0]
 [   3    0    0    0    0    0    0    0    0    0    0    0    0    0    0  162    0    0    0    0    0    0    0    0    0    0]
 [   6    0    0    0    0    0    0    0    0    0    0    0    0    0    0   90    0    0    0    0    0    0    0    0    0    0]]
stop

clu
[[ 438   38    0    0    0    9]
 [  42  869    0    1    0   26]
 [   0    1    0    0    0    0]
 [   4    4    0    3    0    0]
 [   0    5    4    0    0    4]
 [   5   30    3    0    0 1823]]
stop

clu
[[ 472   50    0   12    0    9    3   12]
 [  12 1682    0   24    0    3    2   17]
 [   1    0   69    0    0    0    0    0]
 [   1   35    0  339    0    0    1    3]
 [   0    3    0    3    0    0    0    0]
 [   5    2    0    0    0  186    2    0]
 [   7   18    0    4    0    0   17    2]
 [   6   24    0    5    0    0    2   59]]
stop

clu
[[2369  217    0    0    0   69    0    0   41   51    9]
 [ 137 3347    0    0    0   14    0    0    4   27    2]
 [   0    6    0    0    0    0    0    0    0    0    0]
 [   3    3    0    0    0    0    0    0    0    0    0]
 [   0    2    0    0    0    0    0    0    0    1    0]
 [  45    8    0    0    0  749    0    0    0    0    0]
 [   2    1    0    0    0    0    0    0    0    0    0]
 [   1    4    0    0    0    0    0    0    5    0    0]
 [   7   19    0    0    1    0    0    0  879    1    3]
 [  22   31    0    0    0    0    0    0    0 6006    0]
 [  13   60    0    0    1    0    0    0   14    5   51]]
stop

clu
[[1499   36    3    2    0   10   38   12]
 [  41  455    2    0    0    3   24   16]
 [   1    0   27    1    0    4    0    0]
 [   1    0    1   57    0    0    8    0]
 [   2   13    0    0    0    0    0  298]
 [   8    1    4    0    0   58    1    0]
 [  42   12    2    4    0    4 4125    2]
 [   5    7    0    0    0    0    3  182]]
stop

clu
[[ 517    0    7    3   17    7    1    9    2    9]
 [  25    0    0    0    0    0   41    0    0    0]
 [   6    0  224    1    0    0    0    0    0    0]
 [   1    0    1    6    0    2    0    0    0    0]
 [  15    0    0    0  590    0    0    0    1    0]
 [   1    0    3   13    0  604    0    0    0    5]
 [   3    0    0    0    0    0 1148    1    0    0]
 [  25    0    0    0    0    0    0  357    0    0]
 [   8    0    0    0    0    0    7    0  100    0]
 [   5    0    1    0    0    5    0    0    0 2974]]
stop

clu
[[ 393  286    0    0    0  259    0    0    0  143    0    0    0  118    0    0]
 [  61 5611    0    0    0  330    0   10    0  253    0    0    0  291    0    0]
 [   0    0    0    0    0   48    0    0    0    0    0    0    0    0    0    0]
 [   3   71    0    0    0  261    0    0    0    0    0    0    0   18    0    0]
 [   0    1    0    0    0    2    0    0    0    0    0    0    0    0    0    0]
 [   0    1    0    0    0   32    0    0    0    0    0    0    0    0    0    0]
 [   6   33    0    0    0  437    0    0    0    0    0    0    0   38    0    0]
 [   0    8    0    0    0   79    0  278    0    0    0    0    0    0    0    0]
 [   0   18    0    0    0 1066    0    6    0    0    0    0    0    0    0    0]
 [  22  362    0    0    0   33    0    0    0 5421    0    0    0   37    0    0]
 [   0   82    0    0    0  576    0    9    0    1    0    0    0    0    0    0]
 [   0    2    0    0    0   34    0    0    0    0    0    0    0    2    0    0]
 [   0    9    0    0    0  146    0    0    0    0    0    0    0   18    0    0]
 [   3  121    0    0    0   37    0    0    0    2    0    0    0 5761    0    0]
 [   0    7    0    0    0  258    0    0    0    0    0    0    0    0    0    0]
 [   0    0    0    0    0   68    0    0    0    0    0    0    0    0    0    0]]
stop

clu
[[5010   99    0    0    0   73    0    0    0    6    0    0  333    0    0    0    0    0    0    0    0    0    0    0    0    0]
 [ 287  621    0    0    0  205    0    0    0   39    0    0 2265    0    0    0    0    0    0    0    0    0    0    0    0    0]
 [   0    0    0    0    0    0    0    0    0    7    0    0   75    0    0    0    0    0    0    0    0    0    0    0    0    0]
 [   1   10    0    0    0    1    0    0    0    0    0    0   89    0    0    0    0    0    0    0    0    0    0    0    0    0]
 [   6    1    0    0    0    0    0    0    0    2    0    0    6    0    0    0    0    0    0    0    0    0    0    0    0    0]
 [  28  287    0    0    0 6298    0    0    0    0    0    0   13    0    0    0    0    0    0    0    0    0    0    0    0    0]
 [   0    7    0    0    0    0    0    0    0   60    0    0  225    0    0    0    0    0    0    0    0    0    0    0    0    0]
 [   0    9    0    0    0    0    0    0    0   11    0    0   77    0    0    0    0    0    0    0    0    0    0    0    0    0]
 [   2    0    0    0    0    0    0    0    0    2    0    0   74    0    0    0    0    0    0    0    0    0    0    0    0    0]
 [   0    1    0    0    0    0    0    0    0    0    0    0  190    0    0    0    0    0    0    0    0    0    0    0    0    0]
 [   0    0    0    0    0    0    0    0    0    6    0    0   28    0    0    0    0    0    0    0    0    0    0    0    0    0]
 [   7    4    0    0    0    0    0    0    0    0    0    0   44    0    0    0    0    0    0    0    0    0    0    0    0    0]
 [   0    0    0    0    0    0    0    0    0    0    0    0   41    0    0    0    0    0    0    0    0    0    0    0    0    0]
 [   3    2    0    0    0    0    0    0    0    0    0    0  449    0    0    0    0    0    0    0    0    0    0    0    0    0]
 [   5   16    0    0    0    0    0    0    0   39    0    0  100    0    0    0    0    0    0    0    0    0    0    0    0    0]
 [   0    7    0    0    0    0    0    0    0   18    0    0   64    0    0    0    0    0    0    0    0    0    0    0    0    0]
 [   0    0    0    0    0    0    0    0    0    0    0    0  173    0    0    0    0    0    0    0    0    0    0    0    0    0]
 [   6    0    0    0    0    0    0    0    0    0    0    0  371    0    0    0    0    0    0    0    0    0    0    0    0    0]
 [   1    1    0    0    0    0    0    0    0    0    0    0   23    0    0    0    0    0    0    0    0    0    0    0    0    0]
 [   2    7    0    0    0    0    0    0    0   13    0    0  104    0    0    0    0    0    0    0    0    0    0    0    0    0]
 [ 102    6    0    0    0    0    0    0    0   40    0    0  552    0    0    0    0    0    0    0    0    0    0    0    0    0]
 [   0    0    0    0    0    0    0    0    0    0    0    0   49    0    0    0    0    0    0    0    0    0    0    0    0    0]
 [   0    0    0    0    0    0    0    0    0    0    0    0    0    0    0    0    0    0    0    0    0    0    0    0    0    0]
 [   1   15    0    0    0    0    0    0    0    6    0    0  108    0    0    0    0    0    0    0    0    0    0    0    0    0]
 [   1    0    0    0    0    0    0    0    0    0    0    0  106    0    0    0    0    0    0    0    0    0    0    0    0    0]
 [   7    1    0    0    0    0    0    0    0    0    0    0  461    0    0    0    0    0    0    0    0    0    0    0    0    0]]
stop

clu
[[1684  399    3    0   37   41    0    0    7   25    1    7   17    0   39    0  132   96  129    0    7  114]
 [ 241 5133    9    0    4   73    0    0   16   16    1   31    9    0   23    0  149  110  194    0   19  215]
 [   2   15  268    0    0    2    0    0    6    0    0    0    0    0    0    0    0    0    0    1    0    1]
 [   0    6    0    0    0   78    0    0    0    0    0    7    0    0    0    0    0    0    0    0    0    0]
 [  54   11    0    0 1013    0    0    0    0   14    0    0    0    0    0    0    0    0    3    1    0    0]
 [   5    2    0    0    0   50    0    0    0    0    0    3    0    0    0    0    4    0    0    0    0    0]
 [   2    0    0    0    0    0    0    0    0    0    0    0    0    0   10    0    0    0    0    0    0    0]
 [   0    4    7    0    0   22    0    0    0    0    0    0    0    0    0    0    0    0    0    0    0    0]
 [   8    7    0    0    0    1    0    0   67    0    0    0   10    0    2    0    0    0    2    0    0    0]
 [   5    1    0    0    2    2    0    0    0  226    0    6    0    0    0    0    0    0    0    1    1    0]
 [   5    5    0    0    0   16    0    0    0    0    5    0    0    0    0    0    0    0    0    0    1    0]
 [   4   24    0    0    1   21    0    0    0   14    1  367    0    0    0    0    0    0    0    0    0    0]
 [  10    8    0    0    0    0    0    0    6    0    0    0  191    0    0    0    0    0    9    0    0    3]
 [   2    1    0    0    0    0    0    0    0    0    0    0    0    0    2    0    0    0    0    0    0    0]
 [  20   22    0    0    0    0    0    0    5    0    0    0    0    0  462    0    0    4    0    0    0    0]
 [   0   15    0    0    0   22    0    0    0    0    0    0    0    0    3    0    4    1    0    0    0    0]
 [  23   83    0    0    0    4    0    0    0    0    0    2    0    0    0    0 6145   12    0    0    0    0]
 [  87  103    0    0    0    4    0    0    0    0    0    1    0    0    5    0   80 4351    0    0    0    0]
 [  62  115    0    0    0   12    0    0    2    1    0    0    6    0    0    0    0    0 5988    0    0   29]
 [   4   11    1    0    0    6    0    0    0    0    0    0    0    0    0    0    0    0    0    8    7    0]
 [   4   15    1    0    0   11    0    0    0    1    0    0    0    0    0    0    0    0    0    2  400    0]
 [  77  267    1    1    1    5    0    0    2    5    0    2    2    0    0    0    0    0   19    0    0 6563]]
stop
stop